[parameters]

Nx = 128
Lx = np.pi
B = 1

Nmodes = 15

R      =  1.001
q      =  0.75

kymin = 0.00
kymax = 0.2
Nky = 200

kzmin = 0.2587437185929648
kzmax = 0.2587437185929648
Nkz = 1

ν = 1e-5
η = 1e-5

[output]

gamma = True
eigvec = True